98
0 1 3 0
0 5 1 0
0 5 1 0
1 2 6 4
1 5 4 0
1 7 4 0
2 3 6 0
2 7 4 2
2 8 4 7
3 4 5 7
3 9 2 0
3 8 3 0
4 9 3 0
4 10 2 0
4 10 2 0
4 17 3 2
5 6 1 0
5 6 1 0
5 7 6 6
6 11 6 2
6 12 5 5
6 12 5 1
7 11 3 1
7 8 6 3
7 14 5 8
7 13 4 5
8 14 2 0
8 14 2 0
8 9 6 1
8 15 3 8
9 16 2 0
9 15 4 4
10 17 2 6
10 17 2 8
11 12 5 3
11 12 5 4
11 13 3 8
11 13 3 6
11 18 3 3
12 19 3 1
12 19 3 6
13 14 4 1
13 30 5 4
13 20 2 0
13 21 4 8
13 21 4 3
14 22 1 0
14 22 1 0
14 15 4 2
15 16 3 3
15 16 3 7
15 23 2 4
15 23 2 5
16 17 2 4
16 17 2 5
16 23 5 5
16 24 4 6
16 26 2 0
16 25 2 0
17 25 2 3
17 25 2 7
18 19 2 0
19 30 3 0
19 31 6 7
20 30 3 0
20 31 2 0
20 21 3 2
21 22 2 0
21 22 2 0
21 31 5 6
21 32 2 0
21 32 2 0
21 27 2 0
22 23 2 1
23 27 2 0
23 24 2 0
24 26 3 7
24 27 3 4
24 28 1 0
25 26 2 0
25 26 2 0
26 28 2 0
26 28 2 0
26 29 2 0
27 32 2 0
27 24 3 5
28 34 4 6
28 34 4 3
28 29 2 0
28 35 5 2
29 35 4 1
30 31 3 0
31 32 4 8
31 33 6 5
32 33 1 0
32 33 1 0
33 34 2 0
34 35 6 8